A = [0 1
    0 0];
B = [0
    1];
C = [2 0];